ÏñÔª	¹âÇ¿
1	223
2	223
3	222
4	222
5	221
6	222
7	221
8	221
9	221
10	221
11	221
12	222
13	223
14	222
15	222
16	223
17	222
18	221
19	221
20	221
21	219
22	220
23	219
24	219
25	219
26	219
27	217
28	217
29	217
30	216
31	217
32	219
33	219
34	220
35	221
36	218
37	219
38	218
39	218
40	216
41	216
42	215
43	216
44	216
45	217
46	216
47	217
48	217
49	216
50	214
51	214
52	214
53	214
54	215
55	214
56	214
57	213
58	214
59	213
60	212
61	213
62	213
63	214
64	214
65	214
66	215
67	216
68	215
69	217
70	218
71	218
72	219
73	220
74	219
75	219
76	221
77	219
78	218
79	218
80	218
81	219
82	218
83	217
84	217
85	217
86	217
87	217
88	217
89	217
90	217
91	218
92	219
93	219
94	218
95	220
96	220
97	221
98	221
99	221
100	223
101	223
102	224
103	225
104	225
105	224
106	223
107	223
108	222
109	221
110	220
111	221
112	219
113	219
114	219
115	218
116	219
117	220
118	220
119	220
120	220
121	220
122	219
123	220
124	219
125	220
126	219
127	220
128	221
129	220
130	220
131	220
132	220
133	221
134	220
135	219
136	221
137	220
138	221
139	219
140	220
141	221
142	220
143	221
144	221
145	219
146	219
147	218
148	218
149	217
150	216
151	214
152	213
153	210
154	207
155	202
156	198
157	195
158	191
159	187
160	184
161	178
162	174
163	167
164	161
165	151
166	140
167	130
168	119
169	111
170	102
171	 91
172	 83
173	 77
174	 74
175	 73
176	 74
177	 77
178	 79
179	 84
180	 87
181	 88
182	 89
183	 92
184	 97
185	101
186	108
187	115
188	120
189	127
190	138
191	150
192	160
193	171
194	186
195	197
196	206
197	209
198	211
199	211
200	210
201	208
202	207
203	205
204	203
205	198
206	193
207	188
208	182
209	174
210	166
211	159
212	148
213	138
214	127
215	118
216	108
217	 99
218	 89
219	 81
220	 76
221	 72
222	 70
223	 72
224	 73
225	 77
226	 82
227	 84
228	 87
229	 91
230	 96
231	103
232	109
233	116
234	124
235	135
236	148
237	162
238	180
239	193
240	202
241	206
242	206
243	206
244	211
245	214
246	216
247	216
248	217
249	215
250	215
251	214
252	216
253	217
254	218
255	218
256	220
257	220
258	222
259	222
260	222
261	221
262	221
263	221
264	221
265	222
266	222
267	223
268	224
269	225
270	226
271	226
272	226
273	226
274	226
275	227
276	229
277	228
278	227
279	227
280	227
281	227
282	226
283	226
284	225
285	225
286	224
287	223
288	221
289	220
290	217
291	215
292	214
293	212
294	210
295	206
296	205
297	200
298	198
299	192
300	185
301	178
302	168
303	158
304	143
305	130
306	116
307	103
308	 91
309	 81
310	 76
311	 75
312	 75
313	 76
314	 76
315	 75
316	 74
317	 73
318	 73
319	 74
320	 76
321	 79
322	 84
323	 90
324	 96
325	103
326	111
327	121
328	131
329	141
330	155
331	169
332	178
333	187
334	193
335	196
336	199
337	201
338	201
339	200
340	200
341	199
342	198
343	196
344	192
345	187
346	178
347	169
348	156
349	141
350	130
351	119
352	109
353	 99
354	 90
355	 85
356	 77
357	 70
358	 66
359	 63
360	 62
361	 60
362	 58
363	 58
364	 58
365	 60
366	 59
367	 59
368	 57
369	 56
370	 55
371	 57
372	 58
373	 58
374	 59
375	 58
376	 58
377	 58
378	 59
379	 60
380	 60
381	 60
382	 58
383	 59
384	 59
385	 60
386	 61
387	 62
388	 64
389	 66
390	 68
391	 72
392	 76
393	 80
394	 84
395	 89
396	 96
397	101
398	110
399	120
400	131
401	143
402	153
403	164
404	174
405	185
406	194
407	200
408	205
409	209
410	210
411	212
412	213
413	214
414	217
415	218
416	217
417	219
418	217
419	216
420	215
421	215
422	215
423	215
424	217
425	215
426	215
427	214
428	212
429	209
430	207
431	204
432	199
433	194
434	186
435	176
436	164
437	153
438	139
439	125
440	112
441	101
442	 90
443	 78
444	 70
445	 64
446	 62
447	 60
448	 59
449	 59
450	 60
451	 60
452	 59
453	 60
454	 58
455	 58
456	 57
457	 55
458	 55
459	 56
460	 57
461	 57
462	 59
463	 59
464	 59
465	 59
466	 59
467	 60
468	 59
469	 59
470	 61
471	 61
472	 60
473	 60
474	 61
475	 61
476	 60
477	 60
478	 60
479	 61
480	 64
481	 67
482	 71
483	 77
484	 85
485	 93
486	102
487	112
488	124
489	136
490	149
491	164
492	176
493	187
494	192
495	196
496	197
497	197
498	195
499	194
500	193
501	190
502	184
503	177
504	169
505	157
506	146
507	131
508	115
509	101
510	 86
511	 74
512	 68
513	 62
514	 59
515	 56
516	 55
517	 54
518	 54
519	 54
520	 54
521	 54
522	 54
523	 54
524	 55
525	 54
526	 54
527	 55
528	 55
529	 55
530	 55
531	 56
532	 56
533	 56
534	 55
535	 54
536	 53
537	 54
538	 55
539	 55
540	 54
541	 54
542	 53
543	 53
544	 56
545	 56
546	 57
547	 58
548	 60
549	 63
550	 66
551	 69
552	 71
553	 74
554	 77
555	 81
556	 87
557	 94
558	104
559	113
560	123
561	137
562	150
563	162
564	174
565	182
566	191
567	195
568	195
569	195
570	193
571	192
572	189
573	185
574	180
575	173
576	163
577	152
578	138
579	124
580	109
581	 95
582	 81
583	 72
584	 64
585	 60
586	 57
587	 58
588	 59
589	 61
590	 62
591	 61
592	 59
593	 58
594	 58
595	 56
596	 55
597	 55
598	 55
599	 56
600	 56
601	 56
602	 56
603	 55
604	 56
605	 55
606	 56
607	 58
608	 61
609	 62
610	 64
611	 63
612	 63
613	 62
614	 61
615	 61
616	 62
617	 63
618	 66
619	 69
620	 71
621	 74
622	 78
623	 84
624	 90
625	 99
626	109
627	120
628	131
629	146
630	159
631	174
632	189
633	199
634	206
635	211
636	214
637	213
638	214
639	214
640	214
641	215
642	215
643	215
644	215
645	217
646	215
647	216
648	215
649	216
650	218
651	218
652	218
653	220
654	222
655	221
656	221
657	220
658	219
659	217
660	215
661	214
662	211
663	208
664	205
665	201
666	195
667	188
668	181
669	174
670	164
671	151
672	138
673	122
674	108
675	 96
676	 85
677	 74
678	 67
679	 61
680	 58
681	 56
682	 55
683	 55
684	 55
685	 55
686	 55
687	 56
688	 58
689	 58
690	 59
691	 58
692	 59
693	 58
694	 58
695	 57
696	 56
697	 55
698	 54
699	 54
700	 55
701	 55
702	 56
703	 57
704	 57
705	 58
706	 59
707	 58
708	 59
709	 61
710	 62
711	 64
712	 67
713	 69
714	 74
715	 78
716	 84
717	 90
718	 95
719	103
720	111
721	120
722	130
723	140
724	151
725	165
726	177
727	187
728	194
729	198
730	198
731	197
732	195
733	193
734	189
735	182
736	176
737	170
738	157
739	143
740	126
741	107
742	 92
743	 79
744	 71
745	 65
746	 61
747	 59
748	 57
749	 56
750	 55
751	 54
752	 55
753	 56
754	 56
755	 55
756	 55
757	 54
758	 54
759	 54
760	 54
761	 54
762	 54
763	 55
764	 55
765	 56
766	 56
767	 56
768	 55
769	 55
770	 56
771	 56
772	 56
773	 56
774	 56
775	 56
776	 57
777	 57
778	 57
779	 56
780	 56
781	 55
782	 54
783	 53
784	 54
785	 54
786	 53
787	 53
788	 55
789	 56
790	 58
791	 60
792	 60
793	 59
794	 59
795	 58
796	 57
797	 57
798	 58
799	 57
800	 58
801	 59
802	 60
803	 62
804	 63
805	 66
806	 69
807	 72
808	 76
809	 81
810	 88
811	 96
812	106
813	113
814	122
815	133
816	148
817	165
818	181
819	198
820	207
821	213
822	218
823	221
824	222
825	223
826	224
827	222
828	223
829	222
830	223
831	221
832	221
833	221
834	220
835	221
836	221
837	219
838	218
839	217
840	214
841	212
842	211
843	209
844	208
845	208
846	207
847	204
848	204
849	200
850	198
851	194
852	190
853	187
854	183
855	175
856	167
857	160
858	150
859	138
860	124
861	110
862	 98
863	 87
864	 78
865	 71
866	 67
867	 67
868	 68
869	 68
870	 68
871	 68
872	 69
873	 72
874	 75
875	 78
876	 81
877	 87
878	 93
879	 98
880	105
881	112
882	120
883	129
884	139
885	150
886	157
887	166
888	178
889	190
890	199
891	205
892	211
893	213
894	215
895	218
896	217
897	218
898	219
899	219
900	219
901	218
902	217
903	217
904	216
905	216
906	215
907	216
908	216
909	214
910	214
911	214
912	214
913	215
914	213
915	211
916	208
917	205
918	203
919	197
920	194
921	189
922	180
923	174
924	165
925	158
926	149
927	138
928	127
929	115
930	101
931	 90
932	 79
933	 70
934	 64
935	 60
936	 58
937	 57
938	 56
939	 55
940	 57
941	 56
942	 56
943	 55
944	 56
945	 55
946	 55
947	 56
948	 56
949	 55
950	 56
951	 56
952	 55
953	 55
954	 55
955	 56
956	 58
957	 59
958	 59
959	 58
960	 59
961	 59
962	 59
963	 59
964	 62
965	 64
966	 66
967	 70
968	 74
969	 76
970	 81
971	 87
972	 92
973	 97
974	104
975	112
976	121
977	131
978	139
979	146
980	154
981	162
982	172
983	182
984	190
985	195
986	199
987	204
988	206
989	209
990	211
991	211
992	211
993	213
994	213
995	214
996	215
997	217
998	216
999	217
1000	218
1001	217
1002	219
1003	219
1004	219
1005	220
1006	219
1007	217
1008	214
1009	213
1010	209
1011	206
1012	202
1013	200
1014	195
1015	189
1016	183
1017	175
1018	167
1019	159
1020	148
1021	137
1022	123
1023	109
1024	 98
1025	 90
1026	 83
1027	 79
1028	 76
1029	 72
1030	 68
1031	 66
1032	 66
1033	 67
1034	 69
1035	 71
1036	 75
1037	 78
1038	 83
1039	 89
1040	 94
1041	101
1042	109
1043	117
1044	125
1045	132
1046	141
1047	150
1048	161
1049	169
1050	178
1051	187
1052	194
1053	199
1054	202
1055	206
1056	207
1057	208
1058	209
1059	210
1060	211
1061	214
1062	214
1063	215
1064	216
1065	216
1066	217
1067	218
1068	217
1069	218
1070	216
1071	218
1072	217
1073	216
1074	215
1075	215
1076	214
1077	213
1078	211
1079	209
1080	206
1081	205
1082	201
1083	198
1084	193
1085	186
1086	183
1087	176
1088	169
1089	163
1090	153
1091	145
1092	135
1093	125
1094	114
1095	102
1096	 93
1097	 85
1098	 78
1099	 74
1100	 70
1101	 68
1102	 66
1103	 66
1104	 67
1105	 70
1106	 73
1107	 76
1108	 80
1109	 85
1110	 91
1111	 97
1112	104
1113	109
1114	117
1115	125
1116	133
1117	141
1118	150
1119	159
1120	167
1121	174
1122	182
1123	189
1124	193
1125	200
1126	202
1127	205
1128	206
1129	205
1130	206
1131	207
1132	206
1133	206
1134	208
1135	210
1136	209
1137	208
1138	208
1139	208
1140	207
1141	208
1142	209
1143	207
1144	208
1145	209
1146	210
1147	209
1148	208
1149	207
1150	204
1151	201
1152	196
1153	190
1154	183
1155	175
1156	168
1157	160
1158	153
1159	145
1160	136
1161	127
1162	117
1163	107
1164	 97
1165	 87
1166	 79
1167	 72
1168	 68
1169	 65
1170	 62
1171	 61
1172	 60
1173	 59
1174	 58
1175	 57
1176	 57
1177	 55
1178	 54
1179	 54
1180	 55
1181	 55
1182	 55
1183	 55
1184	 54
1185	 54
1186	 54
1187	 54
1188	 55
1189	 54
1190	 54
1191	 53
1192	 53
1193	 54
1194	 54
1195	 54
1196	 55
1197	 57
1198	 59
1199	 61
1200	 64
1201	 67
1202	 72
1203	 78
1204	 85
1205	 93
1206	101
1207	110
1208	119
1209	129
1210	138
1211	146
1212	153
1213	159
1214	165
1215	172
1216	177
1217	182
1218	185
1219	185
1220	182
1221	179
1222	175
1223	168
1224	160
1225	152
1226	143
1227	136
1228	128
1229	120
1230	111
1231	103
1232	 95
1233	 88
1234	 83
1235	 78
1236	 73
1237	 71
1238	 67
1239	 66
1240	 66
1241	 66
1242	 69
1243	 71
1244	 75
1245	 79
1246	 86
1247	 93
1248	100
1249	109
1250	117
1251	126
1252	134
1253	143
1254	153
1255	162
1256	171
1257	180
1258	188
1259	194
1260	199
1261	203
1262	205
1263	207
1264	209
1265	205
1266	204
1267	200
1268	195
1269	187
1270	179
1271	172
1272	164
1273	155
1274	147
1275	138
1276	129
1277	120
1278	111
1279	102
1280	 94
1281	 87
1282	 81
1283	 75
1284	 71
1285	 68
1286	 66
1287	 67
1288	 68
1289	 69
1290	 73
1291	 77
1292	 84
1293	 91
1294	 99
1295	108
1296	118
1297	129
1298	139
1299	147
1300	156
1301	164
1302	174
1303	183
1304	191
1305	198
1306	204
1307	209
1308	212
1309	215
1310	216
1311	218
1312	216
1313	213
1314	210
1315	206
1316	197
1317	190
1318	182
1319	172
1320	162
1321	155
1322	145
1323	136
1324	126
1325	116
1326	107
1327	100
1328	 91
1329	 83
1330	 78
1331	 74
1332	 71
1333	 70
1334	 69
1335	 70
1336	 70
1337	 73
1338	 79
1339	 85
1340	 92
1341	100
1342	109
1343	119
1344	129
1345	139
1346	148
1347	159
1348	167
1349	178
1350	186
1351	194
1352	201
1353	207
1354	212
1355	217
1356	221
1357	224
1358	226
1359	225
1360	226
1361	227
1362	228
1363	228
1364	227
1365	227
1366	227
1367	225
1368	225
1369	225
1370	225
1371	225
1372	224
1373	222
1374	222
1375	221
1376	221
1377	219
1378	218
1379	219
1380	219
1381	219
1382	218
1383	219
1384	218
1385	217
1386	215
1387	215
1388	215
1389	216
1390	216
1391	217
1392	217
1393	217
1394	218
1395	219
1396	218
1397	217
1398	218
1399	218
1400	216
1401	216
1402	214
1403	215
1404	214
1405	212
1406	209
1407	206
1408	201
1409	194
1410	187
1411	179
1412	169
1413	157
1414	146
1415	136
1416	128
1417	121
1418	114
1419	106
1420	100
1421	 92
1422	 86
1423	 81
1424	 76
1425	 73
1426	 71
1427	 69
1428	 70
1429	 72
1430	 72
1431	 73
1432	 76
1433	 83
1434	 92
1435	103
1436	115
1437	124
1438	134
1439	145
1440	154
1441	163
1442	172
1443	178
1444	186
1445	193
1446	198
1447	204
1448	207
1449	210
1450	214
1451	215
1452	217
1453	217
1454	217
1455	216
1456	216
1457	217
1458	215
1459	215
1460	215
1461	214
1462	212
1463	210
1464	211
1465	209
1466	210
1467	211
1468	213
1469	214
1470	214
1471	212
1472	212
1473	209
1474	205
1475	200
1476	194
1477	184
1478	173
1479	167
1480	159
1481	152
1482	140
1483	130
1484	119
1485	109
1486	100
1487	 92
1488	 85
1489	 79
1490	 75
1491	 72
1492	 68
1493	 66
1494	 64
1495	 62
1496	 60
1497	 60
1498	 59
1499	 59
1500	 58
1501	 59
1502	 59
1503	 58
1504	 59
1505	 58
1506	 56
1507	 55
1508	 55
1509	 54
1510	 54
1511	 54
1512	 56
1513	 56
1514	 54
1515	 53
1516	 53
1517	 54
1518	 56
1519	 56
1520	 54
1521	 54
1522	 53
1523	 53
1524	 52
1525	 53
1526	 55
1527	 55
1528	 55
1529	 54
1530	 55
1531	 55
1532	 57
1533	 57
1534	 58
1535	 57
1536	 57
1537	 57
1538	 57
1539	 58
1540	 57
1541	 56
1542	 55
1543	 57
1544	 60
1545	 62
1546	 65
1547	 68
1548	 71
1549	 77
1550	 85
1551	 99
1552	113
1553	125
1554	136
1555	147
1556	157
1557	165
1558	172
1559	179
1560	185
1561	191
1562	197
1563	199
1564	204
1565	207
1566	207
1567	209
1568	207
1569	208
1570	209
1571	208
1572	207
1573	206
1574	207
1575	209
1576	210
1577	212
1578	213
1579	213
1580	213
1581	213
1582	214
1583	217
1584	218
1585	219
1586	221
1587	221
1588	222
1589	221
1590	219
1591	215
1592	208
1593	199
1594	188
1595	177
1596	164
1597	152
1598	139
1599	128
1600	120
1601	112
1602	104
1603	 96
1604	 89
1605	 83
1606	 80
1607	 75
1608	 72
1609	 69
1610	 67
1611	 64
1612	 62
1613	 62
1614	 61
1615	 63
1616	 64
1617	 65
1618	 67
1619	 70
1620	 77
1621	 85
1622	 94
1623	105
1624	122
1625	141
1626	154
1627	168
1628	179
1629	188
1630	197
1631	203
1632	208
1633	212
1634	215
1635	216
1636	216
1637	214
1638	210
1639	204
1640	195
1641	185
1642	170
1643	157
1644	143
1645	129
1646	117
1647	105
1648	 97
1649	 88
1650	 79
1651	 74
1652	 70
1653	 68
1654	 66
1655	 65
1656	 63
1657	 60
1658	 58
1659	 56
1660	 56
1661	 56
1662	 57
1663	 58
1664	 59
1665	 59
1666	 60
1667	 62
1668	 62
1669	 63
1670	 61
1671	 61
1672	 60
1673	 58
1674	 58
1675	 58
1676	 59
1677	 61
1678	 61
1679	 61
1680	 60
1681	 61
1682	 61
1683	 61
1684	 63
1685	 65
1686	 66
1687	 65
1688	 63
1689	 61
1690	 60
1691	 59
1692	 60
1693	 61
1694	 61
1695	 63
1696	 64
1697	 65
1698	 64
1699	 60
1700	 58
1701	 58
1702	 58
1703	 59
1704	 60
1705	 59
1706	 59
1707	 58
1708	 58
1709	 60
1710	 60
1711	 61
1712	 63
1713	 67
1714	 72
1715	 80
1716	 93
1717	109
1718	126
1719	143
1720	157
1721	169
1722	180
1723	190
1724	195
1725	201
1726	205
1727	207
1728	211
1729	213
1730	215
1731	218
1732	219
1733	219
1734	219
1735	220
1736	221
1737	220
1738	219
1739	218
1740	216
1741	217
1742	217
1743	218
1744	220
1745	221
1746	221
1747	221
1748	222
1749	221
1750	221
1751	218
1752	214
1753	207
1754	199
1755	187
1756	175
1757	163
1758	150
1759	138
1760	125
1761	113
1762	103
1763	 95
1764	 88
1765	 82
1766	 77
1767	 75
1768	 74
1769	 73
1770	 73
1771	 73
1772	 74
1773	 74
1774	 72
1775	 68
1776	 69
1777	 68
1778	 69
1779	 71
1780	 75
1781	 79
1782	 82
1783	 90
1784	102
1785	115
1786	131
1787	147
1788	160
1789	170
1790	181
1791	189
1792	198
1793	204
1794	209
1795	212
1796	213
1797	213
1798	210
1799	204
1800	196
1801	184
1802	171
1803	159
1804	147
1805	133
1806	121
1807	107
1808	 98
1809	 89
1810	 83
1811	 78
1812	 72
1813	 69
1814	 67
1815	 63
1816	 64
1817	 64
1818	 66
1819	 65
1820	 65
1821	 63
1822	 63
1823	 63
1824	 63
1825	 64
1826	 64
1827	 65
1828	 65
1829	 64
1830	 62
1831	 62
1832	 63
1833	 64
1834	 68
1835	 70
1836	 69
1837	 67
1838	 65
1839	 64
1840	 63
1841	 62
1842	 62
1843	 63
1844	 64
1845	 63
1846	 63
1847	 62
1848	 62
1849	 61
1850	 62
1851	 61
1852	 61
1853	 60
1854	 59
1855	 59
1856	 60
1857	 63
1858	 65
1859	 65
1860	 65
1861	 66
1862	 67
1863	 66
1864	 66
1865	 65
1866	 64
1867	 64
1868	 64
1869	 63
1870	 64
1871	 65
1872	 68
1873	 71
1874	 75
1875	 80
1876	 89
1877	 98
1878	112
1879	129
1880	146
1881	162
1882	177
1883	187
1884	195
1885	202
1886	204
1887	207
1888	208
1889	210
1890	211
1891	213
1892	214
1893	217
1894	218
1895	219
1896	220
1897	221
1898	219
1899	220
1900	218
1901	218
1902	215
1903	216
1904	218
1905	218
1906	220
1907	220
1908	220
1909	219
1910	219
1911	216
1912	216
1913	212
1914	210
1915	207
1916	206
1917	201
1918	196
1919	187
1920	174
1921	160
1922	147
1923	135
1924	122
1925	109
1926	 99
1927	 92
1928	 87
1929	 83
1930	 79
1931	 75
1932	 72
1933	 72
1934	 73
1935	 74
1936	 73
1937	 74
1938	 72
1939	 73
1940	 74
1941	 74
1942	 77
1943	 85
1944	 93
1945	106
1946	120
1947	135
1948	149
1949	163
1950	175
1951	184
1952	193
1953	199
1954	204
1955	206
1956	210
1957	213
1958	214
1959	216
1960	220
1961	221
1962	222
1963	220
1964	214
1965	208
1966	194
1967	180
1968	164
1969	147
1970	129
1971	115
1972	105
1973	 96
1974	 88
1975	 82
1976	 77
1977	 73
1978	 69
1979	 67
1980	 68
1981	 70
1982	 73
1983	 73
1984	 73
1985	 74
1986	 74
1987	 73
1988	 76
1989	 84
1990	 99
1991	119
1992	138
1993	154
1994	165
1995	176
1996	183
1997	191
1998	198
1999	202
2000	203
2001	206
2002	207
2003	209
2004	211
2005	211
2006	213
2007	211
2008	211
2009	210
2010	210
2011	211
2012	213
2013	214
2014	215
2015	216
2016	217
2017	219
2018	220
2019	220
2020	222
2021	223
2022	225
2023	225
2024	223
2025	224
2026	223
2027	222
2028	221
2029	220
2030	219
2031	219
2032	219
2033	218
2034	219
2035	220
2036	220
2037	221
2038	221
2039	222
2040	224
2041	224
2042	224
2043	223
2044	222
2045	222
2046	220
2047	221
2048	220
2049	219
2050	220
2051	220
2052	218
2053	218
2054	217
2055	216
2056	215
2057	213
2058	211
2059	211
2060	209
2061	209
2062	210
2063	212
2064	213
2065	217
2066	217
2067	217
2068	217
2069	215
2070	215
2071	215
2072	216
2073	215
2074	214
2075	213
2076	211
2077	208
2078	201
2079	192
2080	177
2081	166
2082	153
2083	139
2084	124
2085	113
2086	103
2087	 97
2088	 93
2089	 88
2090	 83
2091	 79
2092	 74
2093	 70
2094	 66
2095	 65
2096	 65
2097	 64
2098	 63
2099	 63
2100	 63
2101	 67
2102	 77
2103	 91
2104	104
2105	118
2106	135
2107	151
2108	165
2109	179
2110	187
2111	195
2112	200
2113	202
2114	204
2115	207
2116	207
2117	209
2118	206
2119	207
2120	208
2121	208
2122	206
2123	203
2124	197
2125	189
2126	177
2127	162
2128	150
2129	137
2130	123
2131	113
2132	107
2133	 98
2134	 92
2135	 88
2136	 84
2137	 79
2138	 75
2139	 72
2140	 69
2141	 67
2142	 65
2143	 63
2144	 62
2145	 61
2146	 61
2147	 62
2148	 62
2149	 62
2150	 63
2151	 63
2152	 63
2153	 63
2154	 62
2155	 62
2156	 63
2157	 63
2158	 61
2159	 59
2160	 58
2161	 58
2162	 59
2163	 61
2164	 62
2165	 62
2166	 63
2167	 62
2168	 62
2169	 63
2170	 65
2171	 66
2172	 71
2173	 76
2174	 85
2175	 98
2176	113
2177	125
2178	139
2179	151
2180	160
2181	168
2182	174
2183	181
2184	183
2185	186
2186	190
2187	191
2188	193
2189	192
2190	189
2191	182
2192	172
2193	159
2194	146
2195	133
2196	121
2197	110
2198	101
2199	 94
2200	 89
2201	 83
2202	 79
2203	 76
2204	 74
2205	 72
2206	 68
2207	 65
2208	 64
2209	 64
2210	 67
2211	 67
2212	 66
2213	 64
2214	 62
2215	 62
2216	 65
2217	 66
2218	 66
2219	 65
2220	 64
2221	 63
2222	 63
2223	 64
2224	 64
2225	 62
2226	 61
2227	 58
2228	 58
2229	 59
2230	 58
2231	 59
2232	 64
2233	 68
2234	 69
2235	 67
2236	 65
2237	 66
2238	 68
2239	 73
2240	 81
2241	 90
2242	103
2243	118
2244	134
2245	149
2246	162
2247	173
2248	181
2249	187
2250	191
2251	194
2252	196
2253	199
2254	199
2255	200
2256	201
2257	200
2258	202
2259	202
2260	204
2261	204
2262	206
2263	207
2264	209
2265	211
2266	211
2267	210
2268	212
2269	212
2270	213
2271	213
2272	213
2273	213
2274	213
2275	212
2276	211
2277	211
2278	208
2279	206
2280	203
2281	198
2282	190
2283	177
2284	167
2285	161
2286	155
2287	147
2288	135
2289	123
2290	113
2291	104
2292	 97
2293	 92
2294	 90
2295	 86
2296	 86
2297	 82
2298	 78
2299	 75
2300	 75
2301	 76
2302	 76
2303	 77
2304	 80
2305	 83
2306	 84
2307	 87
2308	 94
2309	111
2310	126
2311	141
2312	153
2313	162
2314	170
2315	175
2316	182
2317	187
2318	193
2319	199
2320	201
2321	203
2322	204
2323	205
2324	206
2325	204
2326	202
2327	197
2328	189
2329	178
2330	168
2331	160
2332	151
2333	142
2334	131
2335	120
2336	111
2337	102
2338	 96
2339	 92
2340	 89
2341	 89
2342	 89
2343	 88
2344	 88
2345	 85
2346	 81
2347	 79
2348	 77
2349	 77
2350	 77
2351	 82
2352	 91
2353	103
2354	118
2355	133
2356	147
2357	157
2358	165
2359	173
2360	178
2361	182
2362	185
2363	190
2364	192
2365	195
2366	195
2367	195
2368	195
2369	193
2370	195
2371	196
2372	198
2373	199
2374	201
2375	203
2376	204
2377	204
2378	205
2379	206
2380	207
2381	206
2382	207
2383	207
2384	206
2385	206
2386	207
2387	206
2388	206
2389	208
2390	208
2391	210
2392	211
2393	211
2394	212
2395	212
2396	213
2397	212
2398	213
2399	212
2400	213
2401	212
2402	212
2403	211
2404	210
2405	211
2406	211
2407	211
2408	211
2409	210
2410	209
2411	209
2412	207
2413	204
2414	203
2415	204
2416	206
2417	208
2418	209
2419	210
2420	210
2421	210
2422	209
2423	209
2424	209
2425	209
2426	208
2427	208
2428	207
2429	208
2430	208
2431	208
2432	209
2433	210
2434	209
2435	209
2436	209
2437	209
2438	208
2439	208
2440	206
2441	206
2442	206
2443	205
2444	205
2445	204
2446	204
2447	202
2448	204
2449	203
2450	203
2451	203
2452	205
2453	206
2454	206
2455	208
2456	209
2457	209
2458	210
2459	210
2460	211
2461	210
2462	210
2463	210
2464	210
2465	208
2466	208
2467	207
2468	205
2469	204
2470	205
2471	203
2472	203
2473	202
2474	202
2475	202
2476	203
2477	202
2478	202
2479	201
2480	203
2481	201
2482	202
2483	203
2484	203
2485	201
2486	200
2487	201
2488	201
2489	202
2490	202
2491	203
2492	203
2493	203
2494	204
2495	203
2496	203
2497	203
2498	202
2499	202
2500	201
2501	200
2502	200
2503	200
2504	199
2505	199
2506	199
2507	199
2508	201
2509	201
2510	202
2511	203
2512	202
2513	202
2514	203
2515	201
2516	202
2517	201
2518	200
2519	199
2520	198
2521	199
2522	199
2523	199
2524	198
2525	198
2526	200
2527	199
2528	199
2529	199
2530	199
2531	199
2532	199
2533	199
2534	198
2535	200
2536	199
2537	198
2538	197
2539	196
2540	194
2541	195
2542	194
2543	194
2544	194
2545	193
2546	193
2547	192
2548	192
2549	190
2550	190
2551	190
2552	190
2553	189
2554	189
2555	188
2556	190
2557	186
2558	188
2559	187
2560	186
2561	185
2562	186
2563	185
2564	184
2565	184
2566	185
2567	185
2568	185
2569	186
2570	188
2571	189
2572	189
2573	189
2574	189
2575	190
2576	190
2577	190
2578	190
2579	190
2580	189
2581	189
2582	188
2583	188
2584	188
2585	189
2586	188
2587	189
2588	189
2589	189
2590	191
2591	192
2592	192
2593	192
2594	192
2595	194
2596	193
2597	194
2598	194
2599	192
2600	191
2601	191
2602	193
2603	191
2604	190
2605	191
2606	191
2607	190
2608	190
2609	189
2610	190
2611	190
2612	188
2613	191
2614	191
2615	190
2616	189
2617	188
2618	188
2619	187
2620	188
2621	188
2622	189
2623	188
2624	190
2625	189
2626	188
2627	192
2628	190
2629	190
2630	190
2631	190
2632	190
2633	189
2634	189
2635	188
2636	188
2637	188
2638	189
2639	189
2640	190
2641	191
2642	191
2643	190
2644	190
2645	190
2646	189
2647	189
2648	190
2649	190
2650	190
2651	191
2652	191
2653	192
2654	192
2655	191
2656	191
2657	190
2658	191
2659	189
2660	189
2661	190
2662	189
2663	187
2664	189
2665	188
2666	188
2667	187
2668	188
2669	187
2670	189
2671	187
2672	187
2673	187
2674	188
2675	187
2676	187
2677	187
2678	187
2679	188
2680	189
2681	190
2682	189
2683	188
2684	190
2685	190
2686	190
2687	189
2688	189
2689	189
2690	189
2691	188
2692	187
2693	186
2694	187
2695	186
2696	187
2697	188
2698	188
2699	188
2700	189
